Hubei
x0= 0.11963620826466459
x1= 0.8751144479033144
x2= 0.616248550326558
x3= 0.2506256485381188
x4= 0.00024415552707074406
x5= 0.3618384911188427
x6= 0.8489898065067448
x7= 0.3243606177134835
x8= 0.6719770493804553
x9= 0.7285600927791003

x0= 0.7949703961423427
x1= 0.7400354025514253
x2= 0.20594518708417262
x3= 0.5834706708173106
x4= 0.09796740523713605
x5= 0.0012207776353537203
x6= 0.6855887200146493
x7= 0.30525544772019775
x8= 0.7907587133003723
x9= 0.41268387963132513


x0= 0.7125068668741988
x1= 0.438381248855521
x2= 0.7886223524385033
x3= 0.032838918391015076
x4= 0.02588048586949887
x5= 0.005737654886162485
x6= 0.8220106207654275
x7= 0.8485014954526033
x8= 0.6641030336324238
x9= 0.43850332661905633